8;8;18
* ground, level 0
0, 0, 0, 4, 4, 0, 0, 0
0, 4, 4, 4, 4, 4, 4, 0
0, 4, 4, 4, 4, 4, 4, 0
4, 4, 4, 4, 4, 4, 4, 4
4, 4, 4, 4, 4, 4, 4, 4
0, 4, 4, 4, 4, 4, 4, 0
0, 4, 4, 4, 4, 4, 4, 0
0, 0, 0, 4, 4, 0, 0, 0
* level 1
0, 0, 0, 0, 0, 0, 0, 0
0, 0, 4, 0, 0, 4, 0, 0
0, 4, 0, 0, 0, 0, 4, 0
4, 0, 0, 0, 0, 0, 0, 4
4, 0, 0, 0, 0, 0, 0, 4
0, 4, 0, 0, 0, 0, 4, 0
0, 0, 4, 0, 0, 4, 0, 0
0, 0, 0, 4, 4, 0, 0, 0
* level 2
0, 0, 0, 0, 0, 0, 0, 0
0, 0, 4, 0, 0, 4, 0, 0
0, 4, 0, 0, 0, 0, 4, 0
4, 0, 0, 0, 0, 0, 0, 4
4, 0, 0, 0, 0, 0, 0, 4
0, 4, 0, 0, 0, 0, 4, 0
0, 0, 4, 0, 0, 4, 0, 0
0, 0, 0, 4, 4, 0, 0, 0
* level 3
0, 0, 0, 4, 4, 0, 0, 0
0, 0, 4, 0, 0, 4, 0, 0
0, 4, 0, 0, 0, 0, 4, 0
4, 0, 0, 0, 0, 0, 0, 4
4, 0, 0, 0, 0, 0, 0, 4
0, 4, 0, 0, 0, 0, 4, 0
0, 0, 4, 0, 0, 4, 0, 0
0, 0, 0, 4, 4, 0, 0, 0
* level 4
0, 0, 0, 4, 4, 0, 0, 0
0, 0, 4, 0, 0, 4, 0, 0
0, 4, 0, 0, 0, 0, 4, 0
0, 4, 0, 0, 0, 0, 4, 0
0, 4, 0, 0, 0, 0, 4, 0
0, 4, 0, 0, 0, 0, 4, 0
0, 0, 4, 0, 0, 4, 0, 0
0, 0, 0, 4, 4, 0, 0, 0
* level 5
0, 0, 0, 4, 4, 0, 0, 0
0, 0, 4, 0, 0, 4, 0, 0
0, 4, 0, 0, 0, 0, 4, 0
0, 4, 0, 0, 0, 0, 4, 0
0, 4, 0, 0, 0, 0, 4, 0
0, 4, 0, 0, 0, 0, 4, 0
0, 0, 4, 0, 0, 4, 0, 0
0, 0, 0, 4, 4, 0, 0, 0
* level 6
0, 0, 0, 0, 0, 0, 0, 0
0, 0, 4, 4, 4, 4, 0, 0
0, 4, 0, 0, 0, 0, 4, 0
0, 4, 0, 0, 0, 0, 4, 0
0, 4, 0, 0, 0, 0, 4, 0
0, 4, 0, 0, 0, 0, 4, 0
0, 0, 4, 4, 4, 4, 0, 0
0, 0, 0, 0, 0, 0, 0, 0
* level 7
0, 0, 0, 0, 0, 0, 0, 0
0, 0, 0, 4, 4, 0, 0, 0
0, 0, 4, 0, 0, 4, 0, 0
0, 4, 0, 0, 0, 0, 4, 0
0, 4, 0, 0, 0, 0, 4, 0
0, 0, 4, 0, 0, 4, 0, 0
0, 0, 0, 4, 4, 0, 0, 0
0, 0, 0, 0, 0, 0, 0, 0
* level 8
0, 0, 0, 0, 0, 0, 0, 0
0, 0, 0, 4, 4, 0, 0, 0
0, 0, 4, 0, 0, 4, 0, 0
0, 4, 0, 0, 0, 0, 4, 0
0, 4, 0, 0, 0, 0, 4, 0
0, 0, 4, 0, 0, 4, 0, 0
0, 0, 0, 4, 4, 0, 0, 0
0, 0, 0, 0, 0, 0, 0, 0
* level 9
0, 0, 0, 0, 0, 0, 0, 0
0, 0, 0, 4, 4, 0, 0, 0
0, 0, 4, 0, 0, 4, 0, 0
0, 4, 0, 0, 0, 0, 4, 0
0, 4, 0, 0, 0, 0, 4, 0
0, 0, 4, 0, 0, 4, 0, 0
0, 0, 0, 4, 4, 0, 0, 0
0, 0, 0, 0, 0, 0, 0, 0
* level 10
0, 0, 0, 0, 0, 0, 0, 0
0, 0, 0, 4, 4, 0, 0, 0
0, 0, 4, 0, 0, 4, 0, 0
0, 4, 0, 0, 0, 0, 4, 0
0, 4, 0, 0, 0, 0, 4, 0
0, 0, 4, 0, 0, 4, 0, 0
0, 0, 0, 4, 4, 0, 0, 0
0, 0, 0, 0, 0, 0, 0, 0
* level 11
0, 0, 0, 0, 0, 0, 0, 0
0, 0, 0, 0, 0, 0, 0, 0
0, 0, 4, 4, 4, 4, 0, 0
0, 0, 4, 0, 0, 4, 0, 0
0, 0, 4, 0, 0, 4, 0, 0
0, 0, 4, 4, 4, 4, 0, 0
0, 0, 0, 0, 0, 0, 0, 0
0, 0, 0, 0, 0, 0, 0, 0
* level 12
0, 0, 0, 0, 0, 0, 0, 0
0, 0, 0, 0, 0, 0, 0, 0
0, 0, 0, 4, 4, 0, 0, 0
0, 0, 4, 0, 0, 4, 0, 0
0, 0, 4, 0, 0, 4, 0, 0
0, 0, 0, 4, 4, 0, 0, 0
0, 0, 0, 0, 0, 0, 0, 0
0, 0, 0, 0, 0, 0, 0, 0
* level 13
0, 0, 0, 0, 0, 0, 0, 0
0, 0, 0, 0, 0, 0, 0, 0
0, 0, 0, 4, 4, 0, 0, 0
0, 0, 4, 0, 0, 4, 0, 0
0, 0, 4, 0, 0, 4, 0, 0
0, 0, 0, 4, 4, 0, 0, 0
0, 0, 0, 0, 0, 0, 0, 0
0, 0, 0, 0, 0, 0, 0, 0
* level 14
0, 0, 0, 0, 0, 0, 0, 0
0, 0, 0, 0, 0, 0, 0, 0
0, 0, 0, 4, 4, 0, 0, 0
0, 0, 4, 0, 0, 4, 0, 0
0, 0, 4, 0, 0, 4, 0, 0
0, 0, 0, 4, 4, 0, 0, 0
0, 0, 0, 0, 0, 0, 0, 0
0, 0, 0, 0, 0, 0, 0, 0
* level 15
0, 0, 0, 0, 0, 0, 0, 0
0, 0, 0, 0, 0, 0, 0, 0
0, 0, 0, 0, 0, 0, 0, 0
0, 0, 0, 4, 4, 0, 0, 0
0, 0, 0, 4, 4, 0, 0, 0
0, 0, 0, 0, 0, 0, 0, 0
0, 0, 0, 0, 0, 0, 0, 0
0, 0, 0, 0, 0, 0, 0, 0
* level 16
0, 0, 0, 0, 0, 0, 0, 0
0, 0, 0, 0, 0, 0, 0, 0
0, 0, 0, 0, 0, 0, 0, 0
0, 0, 0, 4, 4, 0, 0, 0
0, 0, 0, 4, 4, 0, 0, 0
0, 0, 0, 0, 0, 0, 0, 0
0, 0, 0, 0, 0, 0, 0, 0
0, 0, 0, 0, 0, 0, 0, 0
* level 17
0, 0, 0, 0, 0, 0, 0, 0
0, 0, 0, 0, 0, 0, 0, 0
0, 0, 0, 0, 0, 0, 0, 0
0, 0, 0, 4, 4, 0, 0, 0
0, 0, 0, 4, 4, 0, 0, 0
0, 0, 0, 0, 0, 0, 0, 0
0, 0, 0, 0, 0, 0, 0, 0
0, 0, 0, 0, 0, 0, 0, 0
* level 18
0, 0, 0, 0, 0, 0, 0, 0
0, 0, 0, 0, 0, 0, 0, 0
0, 0, 0, 0, 0, 0, 0, 0
0, 0, 0, 4, 4, 0, 0, 0
0, 0, 0, 4, 4, 0, 0, 0
0, 0, 0, 0, 0, 0, 0, 0
0, 0, 0, 0, 0, 0, 0, 0
0, 0, 0, 0, 0, 0, 0, 0